1.3401826E7 1.3572326E7
1.3401826E7 1.3572326E7
1.3401826E7 1.3572326E7
1.3401826E7 1.3572326E7
1.3401826E7 1.3572326E7
1.3401826E7 1.3572326E7
1.3401826E7 1.3572326E7
1.3401826E7 1.3572326E7
1.3401826E7 1.3572326E7
1.3401826E7 1.3572326E7
1.3401826E7 1.3572326E7
1.3401826E7 1.3572326E7
1.3401826E7 1.3572326E7
1.3401826E7 1.3572326E7
1.3401826E7 1.3572326E7
1.3401826E7 1.3572326E7
1.3401826E7 1.3572326E7
1.3401826E7 1.3572326E7
1.3401826E7 1.3572326E7
1.3401826E7 1.3572326E7
1.3401826E7 1.3572326E7
1.3401826E7 1.3572326E7
1.3401826E7 1.3572326E7
1.3401826E7 1.3572326E7
1.3401826E7 1.3572326E7
1.3401826E7 1.3572326E7
1.3401826E7 1.3572326E7
1.3401826E7 1.3572326E7
1.3401826E7 1.3572326E7
1.3401826E7 1.3572326E7
1.3401826E7 1.3572326E7
1.3401826E7 1.3572326E7
1.3401826E7 1.3572326E7
1.3401826E7 1.3572326E7
1.3401826E7 1.3572326E7
1.3401826E7 1.3572326E7
1.3401826E7 1.3572326E7
1.342491E7 1.355895E7
1.3401826E7 1.3572326E7
1.3401826E7 1.3572326E7
1.3401826E7 1.3572326E7
1.3401826E7 1.3572326E7
1.3401826E7 1.3572326E7
1.3401826E7 1.3572326E7
1.345527E7 1.3535884E7
1.3401826E7 1.3572326E7
